%YAML:1.0
---
model_type: POLYFISHEYE
camera_name: mycamera
image_width: 3072
image_height: 2048
projection_parameters:
   k2: 1.2142972887471081e-02
   k3: -1.3247613448336273e-01
   k4: 9.4192255088333593e-02
   k5: -9.6812579781547614e-02
   k6: 5.2741708396579552e-02
   k7: -1.1805805155636161e-02
   p1: 0.
   p2: 0.
   A11: 1.1895340702226317e+03
   A12: -7.7509476303538993e-01
   A22: 1.1916151889405974e+03
   u0: 1.5028878072136336e+03
   v0: 1.0856552544783410e+03
   isFast: 0
   numDiff: 3000
   maxIncidentAngle: 120
