%YAML:1.0
---
model_type: POLYFISHEYE
camera_name: mycamera
image_width: 1440
image_height: 1080
projection_parameters:
   k2: -9.7078271295501142e-03
   k3: -1.6452128476077611e-02
   k4: -2.3928164041650329e-01
   k5: 4.1580128616733691e-01
   k6: -3.4172401393260865e-01
   k7: 1.0661510267891934e-01
   p1: 0.
   p2: 0.
   A11: 8.2989230228335032e+02
   A12: -4.7433877243832151e-01
   A22: 8.3034669947775842e+02
   u0: 7.2882138019644742e+02
   v0: 5.3897050826599411e+02
   isFast: 0
   numDiff: 3000
   maxIncidentAngle: 120
